time_s,true_label,pred_raw,pred_smooth,p_movement,p_rest,p_grasp,p_scissor,p_six,p_thumb,p_index,p_seven
0.5000,rest,thumb,thumb,0.521934,0.478066,0.065348,0.096306,0.068224,0.124319,0.101992,0.065746
0.5500,rest,rest,thumb,0.466534,0.491916,0.064490,0.096599,0.066636,0.116859,0.099381,0.064121
0.6000,rest,rest,thumb,0.489509,0.496559,0.063469,0.100117,0.065652,0.110029,0.099960,0.064214
0.6500,rest,rest,thumb,0.465778,0.505975,0.062853,0.097878,0.062216,0.105550,0.101398,0.064131
0.7000,rest,rest,thumb,0.431831,0.521524,0.059130,0.094230,0.058343,0.100084,0.102589,0.064099
0.7500,rest,rest,rest,0.414583,0.537497,0.054550,0.089412,0.056181,0.092393,0.105180,0.064787
0.8000,rest,rest,rest,0.384973,0.556879,0.050315,0.080941,0.053920,0.085562,0.109218,0.063163
0.8500,rest,rest,rest,0.457473,0.553291,0.047387,0.076932,0.054128,0.085288,0.120882,0.062093
0.9000,rest,rest,rest,0.362407,0.574367,0.043678,0.071208,0.052745,0.081395,0.118070,0.058537
0.9500,rest,rest,rest,0.391577,0.582881,0.042649,0.067744,0.050708,0.078486,0.119616,0.057914
1.0000,rest,rest,rest,0.350882,0.599440,0.041753,0.062553,0.047831,0.076124,0.115375,0.056924
1.0500,rest,rest,rest,0.472887,0.581358,0.046772,0.062873,0.050787,0.079150,0.115244,0.063816
1.1000,rest,rest,rest,0.431083,0.578248,0.049778,0.061349,0.050728,0.080616,0.112847,0.066434
1.1500,rest,rest,rest,0.485164,0.562395,0.053240,0.062379,0.055647,0.081022,0.111319,0.073998
1.2000,rest,seven,rest,0.547305,0.534970,0.059778,0.069108,0.062880,0.083571,0.108440,0.081253
1.2500,rest,seven,rest,0.582812,0.505524,0.068839,0.071272,0.073232,0.086139,0.106194,0.088800
1.3000,rest,grasp,rest,0.601507,0.478766,0.081287,0.068668,0.082895,0.087195,0.105676,0.095513
1.3500,rest,seven,rest,0.590304,0.461499,0.088797,0.065818,0.089963,0.089646,0.101079,0.103198
1.4000,rest,thumb,rest,0.668195,0.429075,0.095440,0.067940,0.096985,0.099406,0.103405,0.107749
1.4500,rest,seven,rest,0.706395,0.395208,0.103859,0.068023,0.106282,0.102813,0.109204,0.114611
1.5000,index,thumb,rest,0.659439,0.381546,0.106582,0.069977,0.108002,0.112009,0.110405,0.111478
1.5500,index,thumb,rest,0.656160,0.372120,0.110166,0.071775,0.110422,0.120239,0.106287,0.108992
1.6000,index,six,rest,0.685169,0.357797,0.112020,0.072561,0.120083,0.121625,0.103675,0.112238
1.6500,index,thumb,thumb,0.705038,0.342089,0.109582,0.073470,0.123135,0.133990,0.107116,0.110618
1.7000,index,thumb,thumb,0.639242,0.346756,0.098751,0.072459,0.120193,0.144166,0.108751,0.108923
1.7500,index,thumb,thumb,0.587358,0.363228,0.087480,0.071491,0.113194,0.151962,0.110272,0.102373
1.8000,index,thumb,thumb,0.605002,0.371170,0.084955,0.073867,0.103658,0.151928,0.114180,0.100242
1.8500,index,thumb,thumb,0.634870,0.369660,0.081686,0.077805,0.100520,0.152339,0.120211,0.097779
1.9000,index,thumb,thumb,0.572777,0.384051,0.076982,0.078332,0.093788,0.149029,0.123234,0.094584
1.9500,index,index,thumb,0.506680,0.411368,0.070343,0.072987,0.090168,0.140313,0.124293,0.090527
2.0000,index,index,thumb,0.543431,0.422668,0.068656,0.072206,0.087347,0.135137,0.129033,0.084953
2.0500,index,index,thumb,0.500690,0.441829,0.062772,0.071952,0.081971,0.128354,0.135033,0.078091
2.1000,index,index,thumb,0.509195,0.454073,0.059588,0.071058,0.076540,0.127310,0.140569,0.070862
2.1500,index,index,thumb,0.505448,0.464192,0.058665,0.069216,0.073089,0.124389,0.142335,0.068114
2.2000,index,index,thumb,0.542779,0.462450,0.055835,0.071487,0.074661,0.117809,0.146319,0.071439
2.2500,index,index,thumb,0.515353,0.467999,0.050333,0.079870,0.073387,0.111240,0.141739,0.075432
2.3000,index,thumb,index,0.509918,0.473520,0.050400,0.080851,0.067466,0.112189,0.133408,0.082167
2.3500,index,rest,index,0.468810,0.487937,0.048268,0.076726,0.062851,0.112032,0.126051,0.086134
2.4000,index,rest,index,0.468991,0.498705,0.047404,0.071381,0.060865,0.111734,0.120648,0.089263
2.4500,index,rest,index,0.453278,0.510709,0.046651,0.065776,0.063123,0.108390,0.114741,0.090610
2.5000,index,seven,index,0.534595,0.499383,0.048265,0.063415,0.067486,0.109582,0.114562,0.097307
2.5500,index,seven,index,0.516507,0.495411,0.050355,0.066139,0.070518,0.106091,0.111890,0.099596
2.6000,index,rest,index,0.477403,0.502207,0.049959,0.066057,0.072685,0.099545,0.107604,0.101943
2.6500,index,rest,index,0.424844,0.520445,0.052029,0.063266,0.071275,0.089676,0.098624,0.104684
2.7000,index,rest,index,0.416123,0.536303,0.051358,0.062437,0.070601,0.080591,0.092316,0.106395
2.7500,index,rest,rest,0.463741,0.536292,0.051859,0.062675,0.072107,0.076387,0.090328,0.110352
2.8000,index,rest,rest,0.477649,0.532807,0.051367,0.061808,0.075269,0.070967,0.089059,0.118724
2.8500,index,rest,rest,0.448346,0.537518,0.051223,0.060011,0.080066,0.065732,0.083403,0.122045
2.9000,index,rest,rest,0.422225,0.547583,0.050931,0.061265,0.081056,0.059492,0.080076,0.119598
2.9500,index,rest,rest,0.443107,0.549910,0.055012,0.058489,0.082192,0.056591,0.076470,0.121335
3.0000,index,rest,rest,0.417809,0.557980,0.055750,0.056206,0.084180,0.052338,0.073562,0.119984
3.0500,index,rest,rest,0.461956,0.552996,0.058257,0.058247,0.088240,0.050732,0.073768,0.117759
3.1000,index,rest,rest,0.443209,0.553945,0.059697,0.064481,0.089085,0.049109,0.074126,0.109558
3.1500,index,rest,rest,0.458192,0.550911,0.062933,0.068090,0.088584,0.048767,0.080961,0.099754
3.2000,index,index,rest,0.506835,0.536474,0.069434,0.076297,0.088601,0.047058,0.088384,0.093751
3.2500,index,index,rest,0.562665,0.511689,0.073071,0.080078,0.092965,0.045402,0.102198,0.094596
3.3000,index,index,rest,0.539272,0.498949,0.075182,0.082079,0.095721,0.043302,0.112344,0.092423
3.3500,index,index,rest,0.599893,0.474239,0.085076,0.082682,0.097508,0.044979,0.120896,0.094620
3.4000,index,index,rest,0.694458,0.432064,0.087677,0.098448,0.104114,0.049800,0.129097,0.098799
3.4500,index,six,rest,0.703583,0.398153,0.088629,0.111085,0.115736,0.051583,0.132281,0.102533
3.5000,index,scissor,rest,0.677090,0.379342,0.082504,0.124280,0.122156,0.054378,0.128681,0.108659
3.5500,index,seven,index,0.687760,0.362567,0.076890,0.133110,0.124867,0.056595,0.123802,0.122171
3.6000,index,seven,index,0.780611,0.326772,0.075823,0.142828,0.133393,0.060171,0.123370,0.137644
3.6500,index,seven,index,0.777043,0.300818,0.078824,0.149290,0.137620,0.065855,0.116799,0.150794
3.7000,index,seven,index,0.748631,0.288456,0.079942,0.149538,0.143235,0.066751,0.108560,0.163518
3.7500,index,seven,index,0.687642,0.294432,0.082703,0.140591,0.146152,0.066471,0.101414,0.168237
3.8000,index,six,index,0.716018,0.291819,0.091143,0.130095,0.152065,0.066835,0.100865,0.167177
3.8500,index,seven,seven,0.703628,0.292957,0.097837,0.121467,0.146726,0.073645,0.101277,0.166090
3.9000,index,six,seven,0.653674,0.306299,0.096995,0.113863,0.143463,0.077941,0.105269,0.156170
3.9500,index,scissor,seven,0.715639,0.300815,0.095781,0.119310,0.135697,0.089546,0.110012,0.148839
4.0000,index,index,seven,0.708766,0.298420,0.092938,0.122092,0.123153,0.104436,0.120531,0.138431
4.0500,index,index,seven,0.679259,0.304000,0.088573,0.118069,0.112603,0.118210,0.131323,0.127222
4.1000,index,thumb,seven,0.651452,0.315137,0.082024,0.116841,0.110276,0.125445,0.134477,0.115800
4.1500,index,index,seven,0.716401,0.307252,0.078753,0.114617,0.109764,0.135024,0.147018,0.107572
4.2000,index,thumb,seven,0.725115,0.299160,0.078540,0.114140,0.111254,0.144981,0.149446,0.102479
4.2500,index,thumb,seven,0.752435,0.286262,0.079523,0.116577,0.112115,0.158994,0.150315,0.096214
4.3000,index,thumb,index,0.757571,0.275303,0.078016,0.116543,0.115475,0.172648,0.149819,0.092195
4.3500,index,thumb,index,0.753121,0.268197,0.079460,0.116501,0.116577,0.177052,0.151365,0.090848
4.4000,index,thumb,thumb,0.775726,0.257216,0.084268,0.122929,0.116462,0.177799,0.151160,0.090166
4.4500,index,thumb,thumb,0.760729,0.252730,0.091697,0.131552,0.112233,0.175314,0.145511,0.090963
4.5000,index,scissor,thumb,0.758054,0.250034,0.092854,0.145044,0.114978,0.163962,0.138969,0.094159
4.5500,index,scissor,thumb,0.747818,0.250571,0.095610,0.153523,0.117058,0.151547,0.134329,0.097361
4.6000,index,scissor,thumb,0.636404,0.278827,0.092673,0.152482,0.114403,0.134472,0.129027,0.098116
4.6500,index,scissor,thumb,0.643610,0.298218,0.092124,0.155073,0.111971,0.116651,0.125490,0.100472
4.7000,index,scissor,thumb,0.639626,0.313757,0.089965,0.162530,0.110916,0.104203,0.117076,0.101553
4.7500,index,scissor,scissor,0.674149,0.316781,0.090544,0.171402,0.112605,0.094147,0.112403,0.102118
4.8000,index,scissor,scissor,0.537309,0.353258,0.087350,0.164726,0.108052,0.081983,0.106163,0.098468
4.8500,index,scissor,scissor,0.563410,0.374091,0.088633,0.163046,0.103457,0.071998,0.099495,0.099280
4.9000,index,scissor,scissor,0.554305,0.391992,0.088528,0.158449,0.098483,0.064428,0.095107,0.103014
4.9500,index,scissor,scissor,0.588161,0.396954,0.092175,0.153932,0.095820,0.059627,0.096471,0.105021
5.0000,index,scissor,scissor,0.605981,0.396220,0.095750,0.149091,0.091924,0.057008,0.097831,0.112177
5.0500,index,seven,scissor,0.659346,0.382328,0.098606,0.143048,0.093472,0.060337,0.105698,0.116512
5.1000,index,seven,scissor,0.676632,0.367588,0.100487,0.139743,0.096457,0.061697,0.111378,0.122650
5.1500,index,index,scissor,0.553648,0.387279,0.096459,0.131321,0.087486,0.062800,0.116934,0.117720
5.2000,index,index,scissor,0.575960,0.396470,0.089916,0.126710,0.080852,0.062815,0.128355,0.114882
5.2500,index,index,scissor,0.589808,0.399900,0.082925,0.120834,0.073571,0.066032,0.143370,0.113368
5.3000,index,index,scissor,0.681720,0.379495,0.081672,0.121664,0.071596,0.070901,0.158891,0.115782
5.3500,index,index,scissor,0.596894,0.385398,0.081798,0.117697,0.073774,0.076395,0.157708,0.107231
5.4000,index,index,scissor,0.614647,0.385387,0.086930,0.115090,0.074684,0.081609,0.156115,0.100185
5.4500,index,index,index,0.634396,0.380441,0.088534,0.117705,0.080067,0.085553,0.149652,0.098049
5.5000,rest,scissor,index,0.616921,0.381100,0.087898,0.117539,0.085328,0.089743,0.140373,0.098019
5.5500,rest,scissor,index,0.559946,0.395839,0.085247,0.119968,0.082673,0.090243,0.131380,0.094650
5.6000,rest,scissor,index,0.595234,0.398071,0.085202,0.124093,0.086018,0.090871,0.121982,0.093764
5.6500,rest,scissor,index,0.606393,0.396955,0.089213,0.123028,0.087393,0.091090,0.114378,0.097944
5.7000,rest,scissor,index,0.537023,0.413460,0.089712,0.119018,0.085900,0.089357,0.105620,0.096932
5.7500,rest,rest,index,0.464650,0.443933,0.085300,0.112863,0.080448,0.085524,0.098737,0.093195
5.8000,rest,rest,scissor,0.433100,0.474674,0.077252,0.104253,0.073900,0.087461,0.092560,0.089898
5.8500,rest,rest,scissor,0.448181,0.493961,0.072169,0.098902,0.067792,0.091583,0.090606,0.084987
5.9000,rest,rest,scissor,0.418665,0.515804,0.066618,0.091792,0.060507,0.098536,0.086854,0.079888
5.9500,rest,rest,scissor,0.326580,0.555208,0.059263,0.081091,0.053437,0.098650,0.080541,0.071810
6.0000,rest,rest,scissor,0.338602,0.581756,0.053323,0.074698,0.046082,0.100487,0.076176,0.067477
6.0500,rest,rest,scissor,0.313173,0.608024,0.047392,0.067917,0.040446,0.105031,0.069318,0.061871
6.1000,rest,rest,rest,0.309128,0.628736,0.042850,0.061140,0.036652,0.106707,0.066375,0.057541
6.1500,rest,rest,rest,0.306835,0.644843,0.039636,0.055968,0.034693,0.106349,0.063015,0.055494
6.2000,rest,rest,rest,0.348911,0.646404,0.039408,0.054525,0.033294,0.108291,0.061299,0.056778
6.2500,rest,rest,rest,0.383113,0.639025,0.041334,0.056595,0.037720,0.102369,0.062028,0.060929
6.3000,rest,rest,rest,0.388353,0.632181,0.042826,0.059616,0.043395,0.093724,0.063679,0.064581
6.3500,rest,rest,rest,0.376595,0.629987,0.043970,0.062667,0.051645,0.080927,0.060973,0.069833
6.4000,rest,rest,rest,0.396711,0.623312,0.045695,0.065568,0.057509,0.070076,0.063957,0.073883
6.4500,rest,rest,rest,0.459316,0.602655,0.049052,0.065519,0.070732,0.060845,0.071228,0.079969
6.5000,rest,rest,rest,0.495463,0.578126,0.055650,0.066765,0.086275,0.053602,0.073176,0.086406
6.5500,rest,six,rest,0.522273,0.553026,0.062780,0.074735,0.096063,0.048910,0.073503,0.090982
6.6000,rest,six,rest,0.622159,0.509230,0.073300,0.085860,0.111108,0.048567,0.072179,0.099755
6.6500,rest,six,rest,0.631522,0.474042,0.081559,0.097586,0.124477,0.048736,0.071008,0.102593
6.7000,rest,six,rest,0.668077,0.438512,0.092012,0.101307,0.145565,0.050242,0.067691,0.104669
6.7500,rest,six,rest,0.535737,0.444950,0.096246,0.097320,0.141139,0.051037,0.064003,0.105305
6.8000,rest,seven,rest,0.655545,0.419826,0.100901,0.099629,0.137981,0.062778,0.066712,0.112173
6.8500,rest,seven,rest,0.582496,0.419246,0.100626,0.096539,0.128619,0.072636,0.070815,0.111518
6.9000,rest,thumb,six,0.592885,0.416213,0.098642,0.092048,0.118608,0.083574,0.080920,0.109994
6.9500,rest,rest,six,0.474799,0.443460,0.093458,0.081337,0.105119,0.092489,0.082094,0.102043
7.0000,rest,rest,six,0.472832,0.464387,0.086804,0.072211,0.093888,0.103316,0.080677,0.098715
7.0500,rest,rest,six,0.398115,0.498762,0.077857,0.061751,0.081962,0.109256,0.078308,0.092104
7.1000,rest,rest,six,0.325033,0.542813,0.067198,0.052473,0.071352,0.107793,0.073252,0.085118
7.1500,rest,rest,six,0.296208,0.583058,0.056916,0.045093,0.062323,0.104174,0.070432,0.078005
7.2000,rest,rest,six,0.255470,0.623426,0.051369,0.038714,0.054087,0.096039,0.065333,0.071032
7.2500,rest,rest,rest,0.314032,0.639061,0.045827,0.035860,0.050360,0.098725,0.065273,0.064894
7.3000,rest,rest,rest,0.270326,0.661715,0.043101,0.033285,0.047571,0.094228,0.060568,0.059532
7.3500,rest,rest,rest,0.292839,0.673076,0.041804,0.029722,0.048949,0.088843,0.059720,0.057886
7.4000,rest,rest,rest,0.268089,0.687785,0.040785,0.027002,0.052498,0.079716,0.056822,0.055393
7.4500,rest,rest,rest,0.257509,0.701462,0.038794,0.025264,0.052573,0.073455,0.055816,0.052637
7.5000,rest,rest,rest,0.276009,0.707094,0.037235,0.024721,0.053019,0.072347,0.053548,0.052036
7.5500,rest,rest,rest,0.281992,0.709822,0.036660,0.024224,0.053479,0.069454,0.053580,0.052781
7.6000,rest,rest,rest,0.297787,0.707920,0.035397,0.023939,0.056743,0.069896,0.052667,0.053439
7.6500,rest,rest,rest,0.328728,0.698758,0.037464,0.025731,0.061042,0.070696,0.054183,0.052126
7.7000,rest,rest,rest,0.417940,0.669584,0.042085,0.029868,0.069494,0.074988,0.064013,0.049968
7.7500,rest,rest,rest,0.421359,0.646848,0.044649,0.031193,0.075984,0.078823,0.072910,0.049593
7.8000,rest,rest,rest,0.413949,0.631649,0.047971,0.033664,0.078668,0.084258,0.074430,0.049360
7.8500,rest,rest,rest,0.434716,0.615058,0.051176,0.035423,0.081029,0.082857,0.086418,0.048039
7.9000,rest,rest,rest,0.486145,0.589757,0.051029,0.036438,0.087420,0.087737,0.095814,0.051804
7.9500,rest,index,rest,0.577500,0.547943,0.055583,0.041877,0.093591,0.093215,0.105642,0.062150
8.0000,rest,index,rest,0.555435,0.522098,0.061301,0.046842,0.095174,0.095593,0.108431,0.070561
